-3.436754677096992561e-02
-3.395302147879666332e-01
-9.770329742873029577e-02
-4.114492500133631880e-01
-1.719421097419566169e-01
2.808591201316796848e-01
-3.397360983418458158e-01
-4.220896961925417745e-01
-4.757578880981734315e-01
1.236555366322470983e-01
2.184766990277411669e-01
-2.482491751358472110e-01
5.439680566541051920e-01
2.065643038889695415e-01
1.231279690477275479e-01
1.116875613768789632e-01
5.403873694737149069e-02
2.866723099611464542e-01
2.448059595617560202e-01
1.286179502268537667e-01
3.355474903503293249e-01
5.536628985479071785e-01
-4.633941376874727291e-01
4.748344602263154801e-02
-3.159533173467118927e-02
-3.014876948175977400e-01
-4.374994137769017133e-01
-5.834091783564425426e-02
1.690222796959031104e-01
-2.412012897767335518e-01
-4.079820203104712606e-01
2.353939340193617613e-01
-2.732443583789090913e-01
1.538290677368691906e-01
3.624732291551908125e-01
-1.745039862446258749e-01
-2.200318534456323638e-01
-1.917002455031961983e-01
-2.747616643268431247e-01
2.874298803318985907e-01
4.510297654148427982e-01
5.730542339073276814e-01
4.549865045329326008e-01
9.304140312937114743e-02
4.412698967960339558e-01
1.290614317669616096e-01
2.444760106740550831e-01
-7.539371699390190473e-02
-2.086199690472026469e-02
-1.066505414168028298e-01
-2.381928246178978970e-01
2.008451134191349963e-01
3.850669968167735879e-01
-2.811185468818397926e-01
-1.532557393722733252e-01
1.457639519329567701e-01
4.414482215835545120e-01
6.221689094535516329e-01
1.715430086515280506e-01
-1.337437066018548060e-01
5.067266740242933887e-01
-2.297176559189050005e-02
7.446386281617492497e-03
8.543498902437757225e-02
-7.604256686855115355e-02
2.380353460067717586e-01
3.161281949302414684e-01
-9.752784023442875871e-02
1.123896555596464730e-01
2.619601321516515369e-01
-5.752892569765677422e-02
1.093358266810059432e-01
-1.548358122911938362e-01
-5.617137668011668028e-02
-2.035049992253785967e-01
-1.927222998456965819e-01
3.057933849006113092e-01
-3.418626411390131570e-01
-5.558414974162926292e-01
-2.175635362351598934e-01
-2.753662302024931230e-01
-3.403551943955748782e-02
5.517673223005313821e-01
2.697878867888698351e-01
-2.640838341203206596e-01
1.171562837083587605e-01
2.910580966888655086e-01
2.215090408736983540e-01
1.595425489076677250e-01
5.554744901840429350e-01
3.376257742933918005e-01
-3.993608213791247086e-02
-4.042661897425227635e-01
-1.538886423908076007e-01
-4.415811650066624461e-01
2.669543378637103115e-01
-5.108063545507358916e-02
3.034340348562927225e-01
-2.020135566431016938e-01
-1.633793024721397757e-01
3.794838404833967838e-01
4.123860123534240502e-02
-1.155508590734191515e-01
-1.761165229738369531e-01
3.034648426498514073e-01
-3.475915628723676848e-02
4.897491616613683374e-02
-4.746792418320548990e-01
-1.607984496868350710e-01
1.688944230732951357e-01
-7.883664965106529365e-02
7.798576343257730692e-02
-8.148306443702858781e-02
-3.626177341228499218e-01
-2.298832192023726184e-01
5.541475351180861209e-01
-9.155712922734791925e-02
-3.042561341102900108e-01
-3.908322829532517861e-01
-6.233888850555816680e-02
1.413816372124349074e-02
-3.192922187079655916e-01
-9.664624715394554144e-02
2.738766291954424295e-02
-5.327418573313613681e-02
1.178119487164793477e-01
-1.879114519688207530e-01
5.074613171261668221e-01
-1.678000942593841360e-01
1.719069453126467403e-02
-3.349854317661871139e-01
8.011365999285649520e-02
-6.664681840835670612e-02
1.228449602688816561e-01
3.322989299037119593e-01
4.384703906783520289e-01
2.610729695710071740e-01
-4.261580152443012470e-01
-6.963371584725586150e-01
3.473231179418052594e-01
2.597897797599699188e-02
-1.733092911012090731e-03
-3.476203496790780667e-01
-3.110509104709377470e-01
